5 0.9282343750000001 0.81288056206089 0.09523437500000007 0.37423887587822
5 0.975734375 0.9416861826697893 0.040234375 0.11662763466042143
5 0.9198124999999999 0.898360655737705 0.04710937500000014 0.20327868852459005
5 0.8557500000000001 0.847576112412178 0.07525000000000012 0.3031264637002343
5 0.79325 0.7812646370023419 0.12524999999999994 0.43747072599531606
5 0.679515625 0.7953161592505855 0.1227656249999999 0.4093676814988289
5 0.5020156250000001 0.6276814988290398 0.267796875 0.7017213114754098
5 0.578265625 0.7140983606557377 0.12029687500000001 0.5326346604215458
5 0.37890625 0.7227166276346605 0.15906249999999994 0.554566744730679
5 0.256421875 0.7276814988290399 0.08909374999999997 0.5129625292740047
5 0.14768749999999997 0.5121077283372365 0.07160937499999998 0.5692388758782201
5 0.07050000000000001 0.6199882903981265 0.14100000000000001 0.20391100702576098
5 0.14612499999999998 0.9662763466042155 0.07473437499999998 0.06744730679156898
5 0.255484375 0.3879274004683841 0.05596874999999999 0.334648711943794
5 0.23204687499999999 0.27459016393442626 0.12784374999999998 0.38900468384074943
5 0.11737500000000001 0.27624121779859484 0.04224999999999999 0.2658313817330211
5 0.03487500000000008 0.2853747072599531 0.027265625000000005 0.3075175644028103
5 0.19079687500000003 0.12240046838407494 0.09535937499999995 0.2251405152224825
5 0.09956250000000004 0.0971311475409836 0.03787500000000001 0.11837236533957846
5 0.06675000000000005 0.1814168618266979 0.05350000000000001 0.13708430913348946
5 0.03456250000000001 0.042341920374707256 0.057890624999999994 0.05563231850117095