2 0.218390625 0.7273563218390805 0.30904687500000005 0.17557471264367822
2 0.41003125 0.6370833333333333 0.22004687500000006 0.12143678160919538
2 0.657421875 0.7318965517241379 0.29557812500000014 0.19998563218390814
2 0.8285 0.649051724137931 0.2294687500000002 0.1645258620689655
2 0.7756406250000001 0.467801724137931 0.25706249999999997 0.11994252873563221
2 0.83475 0.3071551724137931 0.27945312499999986 0.2161494252873564
2 0.485828125 0.2681034482758621 0.3106562500000001 0.16073275862068967
2 0.22021875 0.19771551724137934 0.3001875 0.1827729885057471
2 0.1004375 0.4639798850574713 0.1439375 0.20422413793103447
2 0.289484375 0.456566091954023 0.21375000000000002 0.204698275862069
2 0.51003125 0.4563218390804598 0.22576562500000003 0.14293103448275865