5 0.317546875 0.15828124999999998 0.20384375000000002 0.236
5 0.517140625 0.618859375 0.526640625 0.6101875
5 0.50071875 0.3395 0.30134375 0.265109375
5 0.46218750000000003 0.328390625 0.282578125 0.3234375
5 0.61615625 0.352 0.3239375 0.2345625
5 0.85621875 0.29246875 0.257015625 0.1675625
5 0.76840625 0.665171875 0.4631875 0.18351562500000002
5 0.82309375 0.63325 0.3538125 0.34182812500000004
5 0.655140625 0.578921875 0.47278125 0.44701562499999997
5 0.655671875 0.573015625 0.38009375 0.340765625
5 0.42270312499999996 0.6424531250000001 0.5599999999999999 0.424109375