5 0.317546875 0.8417187500000001 0.20384374999999996 0.23599999999999993
5 0.517140625 0.381140625 0.526640625 0.6101875
5 0.50071875 0.6605000000000001 0.30134375 0.2651093749999999
5 0.46218750000000003 0.6716093750000001 0.282578125 0.3234375
5 0.61615625 0.648 0.3239375000000001 0.2345625
5 0.85621875 0.70753125 0.257015625 0.1675625
5 0.76840625 0.33482812500000003 0.4631875000000001 0.18351562500000007
5 0.82309375 0.36675 0.3538125000000001 0.341828125
5 0.655140625 0.421078125 0.47278125000000004 0.44701562499999986
5 0.655671875 0.42698437499999997 0.38009375 0.34076562500000007
5 0.42270312499999996 0.357546875 0.5599999999999999 0.4241093749999999