2 0.74853125 0.24553779069767442 0.237703125 0.1703488372093023
2 0.25404687499999995 0.24069767441860465 0.26434375 0.1800436046511628
2 0.500671875 0.0689825581395349 0.32054687499999995 0.09338662790697674
2 0.05095312500000002 0.0709156976744186 0.07934375 0.07787790697674418
2 0.07073437499999997 0.5044767441860465 0.12689062499999998 0.14072674418604658
2 0.46939062500000006 0.475406976744186 0.283578125 0.14072674418604658
2 0.27670312499999994 0.7076744186046512 0.189859375 0.18377906976744193
2 0.7284843750000001 0.6895203488372093 0.24446875000000007 0.12322674418604647
2 0.4894375 0.9169622093023256 0.2559687499999999 0.1178343023255813
2 0.90703125 0.9178779069767442 0.1859375 0.11482558139534883
2 0.934375 0.438953488372093 0.13125 0.14244186046511628
2 0.9109375 0.032703488372093026 0.178125 0.050872093023255814