2 0.25146875 0.24553779069767442 0.237703125 0.1703488372093023
2 0.745953125 0.24069767441860465 0.26434374999999993 0.1800436046511628
2 0.499328125 0.0689825581395349 0.32054687499999995 0.09338662790697674
2 0.949046875 0.0709156976744186 0.07934374999999996 0.07787790697674418
2 0.929265625 0.5044767441860465 0.12689062500000006 0.14072674418604658
2 0.5306093749999999 0.475406976744186 0.283578125 0.14072674418604658
2 0.7232968750000002 0.7076744186046512 0.189859375 0.18377906976744193
2 0.27151562500000004 0.6895203488372093 0.24446874999999996 0.12322674418604647
2 0.5105625 0.9169622093023256 0.2559687499999999 0.1178343023255813
2 0.0921875 0.9178779069767442 0.184375 0.11482558139534883
2 0.06484375 0.438953488372093 0.1296875 0.14244186046511628
2 0.08828125 0.032703488372093026 0.1765625 0.050872093023255814