2 0.25146875 0.24553779069767442 0.237703125 0.17034883720930233
2 0.745953125 0.24069767441860465 0.26434375 0.1800436046511628
2 0.499328125 0.06898255813953488 0.320546875 0.09338662790697674
2 0.949046875 0.0709156976744186 0.07934375 0.07787790697674418
2 0.929265625 0.5044767441860465 0.12689062499999998 0.1407267441860465
2 0.5306093749999999 0.475406976744186 0.283578125 0.1407267441860465
2 0.7232968750000001 0.7076744186046512 0.189859375 0.18377906976744185
2 0.27151562500000004 0.6895203488372093 0.24446875 0.12322674418604651
2 0.5105625 0.9169622093023256 0.25596874999999997 0.11783430232558138
2 0.092703125 0.9181686046511629 0.185421875 0.11540697674418605
2 0.065359375 0.43979651162790695 0.130734375 0.14219476744186046
2 0.088796875 0.03361918604651162 0.177609375 0.051729651162790706