5 0.071765625 0.81288056206089 0.09523437500000001 0.3742388758782202
5 0.024265625 0.9416861826697893 0.040234375 0.11662763466042154
5 0.0801875 0.898360655737705 0.047109374999999995 0.20327868852459016
5 0.14425 0.847576112412178 0.07525 0.3031264637002342
5 0.20675 0.7812646370023419 0.12525 0.43747072599531617
5 0.32048437500000004 0.7953161592505855 0.12276562499999999 0.4093676814988291
5 0.497984375 0.6276814988290398 0.267796875 0.7017213114754098
5 0.42173437500000005 0.7140983606557377 0.120296875 0.5326346604215457
5 0.62109375 0.7227166276346605 0.1590625 0.5545667447306791
5 0.743578125 0.7276814988290399 0.08909375 0.5129625292740047
5 0.8523125 0.5121077283372365 0.071609375 0.5692388758782201
5 0.9295 0.6199882903981265 0.141 0.20391100702576112
5 0.853875 0.9662763466042155 0.07473437499999999 0.06744730679156909
5 0.744515625 0.3879274004683841 0.05596875 0.3346487119437939
5 0.767953125 0.27459016393442626 0.12784374999999998 0.3890046838407494
5 0.882625 0.27624121779859484 0.042249999999999996 0.26583138173302107
5 0.9651249999999999 0.2853747072599532 0.027265624999999998 0.3075175644028103
5 0.809203125 0.12240046838407494 0.095359375 0.22514051522248243
5 0.9004375 0.0971311475409836 0.037875 0.11837236533957846
5 0.9332499999999999 0.1814168618266979 0.053500000000000006 0.13708430913348946
5 0.9654375 0.042341920374707256 0.057890624999999994 0.05563231850117096