2 0.8658906249999999 0.7095238095238096 0.11864062500000001 0.310952380952381
2 0.70871875 0.7996638655462185 0.12254687500000001 0.29137254901960785
2 0.778375 0.35322128851540613 0.181328125 0.21644257703081232
2 0.7187187500000001 0.5059943977591036 0.135890625 0.15778711484593838
2 0.572171875 0.7634733893557423 0.102703125 0.3561344537815126
2 0.604140625 0.5139775910364146 0.138265625 0.2414285714285714
2 0.556359375 0.049271708683473386 0.11770312499999999 0.09254901960784313
2 0.265671875 0.47834733893557424 0.11281250000000001 0.2877310924369748
2 0.41304687500000004 0.5771428571428571 0.074328125 0.33294117647058824
2 0.35095312500000003 0.5276470588235295 0.084828125 0.30865546218487394
2 0.38159375 0.2536974789915966 0.1330625 0.2153501400560224
2 0.611765625 0.3554621848739496 0.10189062499999998 0.17610644257703081
2 0.60884375 0.27666666666666667 0.0660625 0.10070028011204482
2 0.54146875 0.13495798319327731 0.139578125 0.13022408963585436
2 0.39159375 0.10638655462184873 0.1380625 0.1784313725490196
2 0.126203125 0.13868347338935574 0.08115625 0.17952380952380953
2 0.26190625 0.1015406162464986 0.16296875 0.14630252100840335
2 0.18234375 0.35400560224089633 0.061125 0.24512605042016808
2 0.332421875 0.7013165266106443 0.196875 0.23778711484593837
2 0.48168749999999994 0.44756302521008406 0.1183125 0.27092436974789913