2 0.8658906249999999 0.7095238095238096 0.1186406250000001 0.3109523809523809
2 0.70871875 0.7996638655462185 0.12254687499999992 0.2913725490196078
2 0.7783750000000002 0.35322128851540613 0.18132812499999992 0.21644257703081227
2 0.7187187500000001 0.5059943977591036 0.13589062500000004 0.15778711484593833
2 0.572171875 0.7634733893557423 0.10270312500000003 0.3561344537815126
2 0.604140625 0.5139775910364146 0.138265625 0.2414285714285714
2 0.556359375 0.049271708683473386 0.11770312500000006 0.09254901960784313
2 0.265671875 0.47834733893557424 0.11281249999999998 0.2877310924369747
2 0.41304687500000004 0.5771428571428571 0.07432812500000008 0.3329411764705883
2 0.35095312500000003 0.5276470588235295 0.08482812500000003 0.30865546218487394
2 0.38159375 0.2536974789915966 0.13306250000000003 0.2153501400560224
2 0.611765625 0.3554621848739496 0.10189062500000005 0.17610644257703081
2 0.60884375 0.27666666666666667 0.06606249999999995 0.10070028011204486
2 0.54146875 0.13495798319327731 0.13957812500000005 0.13022408963585433
2 0.39159375 0.10638655462184873 0.13806250000000003 0.1784313725490196
2 0.126203125 0.13868347338935574 0.08115625 0.17952380952380953
2 0.26190625 0.1015406162464986 0.16296875000000002 0.14630252100840332
2 0.18234374999999997 0.35400560224089633 0.061125000000000006 0.24512605042016805
2 0.332421875 0.7013165266106443 0.196875 0.23778711484593834
2 0.48168749999999994 0.44756302521008406 0.11831250000000004 0.2709243697478991