2 0.13410937500000006 0.29047619047619044 0.11864062500000001 0.3109523809523809
2 0.29128125000000005 0.20033613445378146 0.12254687500000001 0.2913725490196078
2 0.22162499999999996 0.646778711484594 0.181328125 0.21644257703081227
2 0.28128125 0.4940056022408964 0.13589062500000004 0.15778711484593833
2 0.427828125 0.2365266106442577 0.10270312500000003 0.3561344537815126
2 0.395859375 0.4860224089635854 0.138265625 0.2414285714285714
2 0.443640625 0.9507282913165267 0.11770312500000006 0.09254901960784304
2 0.734328125 0.5216526610644258 0.11281250000000007 0.2877310924369747
2 0.586953125 0.4228571428571429 0.07432812500000008 0.3329411764705883
2 0.649046875 0.4723529411764706 0.08482812499999995 0.30865546218487394
2 0.6184062499999999 0.7463025210084033 0.13306249999999994 0.2153501400560224
2 0.388234375 0.6445378151260504 0.10189062500000005 0.17610644257703081
2 0.39115625 0.7233333333333334 0.06606249999999995 0.10070028011204495
2 0.45853124999999995 0.8650420168067227 0.13957812500000005 0.13022408963585436
2 0.60840625 0.8936134453781512 0.13806250000000003 0.17843137254901972
2 0.873796875 0.8613165266106443 0.08115625000000008 0.1795238095238096
2 0.73809375 0.8984593837535014 0.16296874999999994 0.1463025210084034
2 0.81765625 0.6459943977591036 0.06112499999999983 0.24512605042016805
2 0.667578125 0.29868347338935575 0.196875 0.23778711484593834
2 0.5183125000000001 0.5524369747899159 0.11831250000000004 0.2709243697478991