2 0.218390625 0.2726436781609195 0.309046875 0.17557471264367816
2 0.41003125 0.36291666666666667 0.22004687500000003 0.1214367816091954
2 0.657421875 0.2681034482758621 0.29557812499999997 0.19998563218390805
2 0.8285 0.35094827586206895 0.22946875000000003 0.16452586206896552
2 0.7756406250000001 0.532198275862069 0.2570625 0.11994252873563219
2 0.83475 0.6928448275862069 0.27945312499999997 0.2161494252873563
2 0.485828125 0.7318965517241379 0.31065624999999997 0.16073275862068967
2 0.22021875 0.8022844827586206 0.3001875 0.1827729885057471
2 0.1004375 0.5360201149425288 0.1439375 0.20422413793103447
2 0.289484375 0.543433908045977 0.21375000000000002 0.20469827586206896
2 0.51003125 0.5436781609195402 0.22576562500000003 0.14293103448275862