5 0.682453125 0.8417187500000001 0.20384375000000005 0.23599999999999993
5 0.482859375 0.381140625 0.526640625 0.6101875
5 0.49928125 0.6605000000000001 0.30134375 0.2651093749999999
5 0.5378125 0.6716093750000001 0.282578125 0.3234375
5 0.38384375000000004 0.648 0.3239375000000001 0.2345625
5 0.14378124999999997 0.70753125 0.257015625 0.1675625
5 0.23159375000000004 0.33482812500000003 0.4631875000000001 0.18351562500000007
5 0.17690625000000004 0.36675 0.3538125 0.341828125
5 0.34485937499999997 0.421078125 0.47278125000000004 0.44701562499999986
5 0.344328125 0.42698437499999997 0.38009375 0.34076562500000007
5 0.577296875 0.357546875 0.5600000000000002 0.4241093749999999