2 0.10979687499999999 0.8695634095634095 0.197078125 0.12498960498960499
2 0.11776562500000001 0.7314760914760914 0.166140625 0.13155925155925155
2 0.12587500000000001 0.626049896049896 0.207390625 0.13274428274428274
2 0.11587499999999999 0.5016839916839917 0.224890625 0.13515592515592517
2 0.89234375 0.5372349272349273 0.21531250000000002 0.11731808731808732
2 0.90171875 0.6578586278586279 0.1965625 0.10906444906444906
2 0.911875 0.7684823284823284 0.17625 0.09748440748440748
2 0.90425 0.8893139293139293 0.182890625 0.11877338877338878
2 0.6835 0.9059459459459459 0.144484375 0.08550935550935551
2 0.693796875 0.8225571725571725 0.183859375 0.10584199584199583
2 0.706921875 0.7528898128898128 0.197609375 0.07875259875259875
2 0.692703125 0.6678378378378379 0.191046875 0.09575883575883576
2 0.2915 0.8776715176715177 0.201109375 0.11209979209979211
2 0.29634375 0.7859667359667359 0.201421875 0.08251559251559251
2 0.2924375 0.7098544698544699 0.196734375 0.10492723492723492
2 0.3706249713897705 0.6864864880726392 0.41204569524512025 0.6158685791223746 0.2345751045113674 0.507697403216868 0.20707970788087032 0.5925702735772597
2 0.26593747138977053 0.44740124898740014 0.3308091834213064 0.3912053676263223 0.4657867150868368 0.5825851403822186 0.4057967327971343 0.630846088465572 0.25332199185532434 0.44445881882407456
2 0.3846874713897705 0.3725571741433253 0.44953946993303406 0.3446085026036069 0.5095294522227365 0.562615064441501 0.4395410918756171 0.5909060000672577
2 0.48468747138977053 0.3226611242472754 0.4907825648787794 0.5775925737846982 0.5407742644626647 0.5692717140996592 0.5495228691008047 0.29135505140585455
2 0.5720190767025931 0.3562577188592857 0.5270265661474163 0.5775925737846983 0.6032638889425214 0.5842494138922207 0.6620040978129467 0.3728994382293637
2 0.7394913847305287 0.45610803507975345 0.7657369125901485 0.49937654353182903 0.6107626248097843 0.6641295272057278 0.5532721893586361 0.5676076945221428
2 0.051874971389770506 0.2914760930622442 0.10834608213237681 0.21480310421362311 0.2908157665432383 0.37622779480000357 0.2083294813001475 0.4794064675911111
2 0.1612499713897705 0.1625779641641153 0.2208274061961189 0.10163942519371738 0.34580665515583203 0.31798177700473074 0.30081414460065525 0.3662427885712053
2 0.2784374713897705 0.07941788100403213 0.3670530893383434 0.3213101335753706 0.40954605305496583 0.28802669483521465 0.3795510142343147 0.05837101196632388
2 0.3846874713897705 0.03991684150299263 0.477034866563531 0.0384009042840454 0.4907825648787794 0.2680566188944969 0.4207942045316602 0.2930191979496138
2 0.5070299053841822 0.028415866313686467 0.4945319804882108 0.26639247235073765 0.5595211518066219 0.2613999057532172 0.5945153796559814 0.07834102442392037 0.5132788678321678 0.028415866313686467
2 0.5820174547600102 0.194833060014466 0.560770925225899 0.2697207654382562 0.6357584746017269 0.294683344493373 0.7069967037197233 0.006781612087648717 0.6157618138384928 0.013438325228928466
2 0.7096874713897705 0.11060291218906332 0.6457569480107438 0.294683344493373 0.7219941754542488 0.34128020951608845 0.8069801028874938 0.1815196654734672
2 0.7206249713897706 0.3434511450372962 0.788233215543537 0.4011903738551204 0.8919660303207388 0.2547432560950588 0.8232274433928966 0.1848480220441071
2 0.7532389876941773 0.39619787074072144 0.8007311404395082 0.4860631807323909 0.9557053328682729 0.40618287696951955 0.8982149927687246 0.2980117010640129