2 0.890203125 0.8695634095634095 0.19707812500000016 0.124989604989605
2 0.882234375 0.7314760914760914 0.16614062499999988 0.1315592515592515
2 0.874125 0.626049896049896 0.20739062500000002 0.1327442827442828
2 0.884125 0.5016839916839917 0.2248906250000001 0.13515592515592514
2 0.10703125 0.5363825363825364 0.2140625 0.11642411642411643
2 0.09765625 0.656964656964657 0.1953125 0.10810810810810811
2 0.0875 0.7681912681912682 0.175 0.09771309771309772
2 0.09574999999999996 0.8893139293139293 0.18289062500000003 0.11877338877338876
2 0.3165 0.9059459459459459 0.14448437500000005 0.0855093555093555
2 0.306203125 0.8225571725571725 0.18385937500000002 0.10584199584199577
2 0.29307812499999997 0.7528898128898128 0.19760937500000003 0.07875259875259874
2 0.307296875 0.6678378378378379 0.19104687499999998 0.09575883575883565
2 0.7084999999999999 0.8776715176715177 0.20110937500000006 0.11209979209979201
2 0.7036562500000001 0.7859667359667359 0.20142187500000014 0.08251559251559239
2 0.7075625000000001 0.7098544698544699 0.19673437500000013 0.10492723492723498
2 0.7929202921875 0.5925702744282744 0.7654248953125 0.5076974033264033 0.5879543046875 0.61586858004158 0.629375028125 0.6864864885654886 0.7929202921875 0.5925702744282744
2 0.6691908171875001 0.39120536798336797 0.534213284375 0.5825851413721413 0.5942032671875 0.6308460893970893 0.7466780078124999 0.4444588191268191 0.7340625281250001 0.44740124948024945 0.6691908171875001 0.39120536798336797
2 0.49047054843750004 0.5626150644490644 0.5604589078125 0.590906 0.615312528125 0.3725571746361746 0.5504605296875 0.3446085031185031 0.49047054843750004 0.5626150644490644
2 0.45047713125 0.291355051975052 0.4592257359375 0.5692717130977132 0.509217434375 0.5775925738045737 0.5153125281250001 0.3226611247401247 0.45047713125 0.291355051975052
2 0.3379959015625 0.3728994386694387 0.3967361109375 0.5842494137214138 0.47297343437499995 0.5775925738045737 0.42798092343749994 0.35625771933471934 0.3379959015625 0.3728994386694387
2 0.389237375 0.664129528066528 0.4467278109375 0.5676076943866943 0.260508615625 0.45610803534303535 0.23426308749999997 0.4993765426195426 0.389237375 0.664129528066528
2 0.7091842328125 0.37622779417879415 0.7916705187499999 0.4794064677754678 0.948125028125 0.2914760935550935 0.8916539171875 0.21480310395010396 0.7091842328125 0.37622779417879415
2 0.6541933453125 0.31798177754677753 0.6991858546875 0.36624278794178794 0.838750028125 0.16257796465696467 0.77917259375 0.1016394261954262 0.6541933453125 0.31798177754677753
2 0.6204489859375 0.058371012474012475 0.5904539468750001 0.28802669438669437 0.6329469109375 0.32131013305613304 0.721562528125 0.0794178814968815 0.6204489859375 0.058371012474012475
2 0.509217434375 0.26805661954261956 0.5792057953125 0.29301919750519756 0.615312528125 0.039916841995841994 0.5229651328125 0.03840090436590437 0.509217434375 0.26805661954261956
2 0.49297009531249997 0.028415866943866944 0.4867211328125 0.028415866943866944 0.4054846203125 0.07834102494802495 0.44047884843749996 0.26139990644490646 0.50546801875 0.26639247193347193 0.49297009531249997 0.028415866943866944
2 0.4179825453125 0.1948330602910603 0.38423818593750003 0.013438324324324324 0.293003296875 0.006781611226611226 0.364241525 0.29468334511434513 0.43922907499999997 0.2697207650727651 0.4179825453125 0.1948330602910603
2 0.193019896875 0.18151966528066527 0.27800582500000004 0.34128020997920994 0.3542430515625 0.29468334511434513 0.29031252812499997 0.11060291268191268 0.193019896875 0.18151966528066527
2 0.17677255625 0.18484802286902288 0.10803397031249999 0.2547432557172557 0.21176678437500002 0.4011903742203742 0.279375028125 0.3434511455301455 0.17677255625 0.18484802286902288
2 0.1017850078125 0.29801170062370064 0.0442946671875 0.40618287733887737 0.199268859375 0.4860631808731809 0.24676101250000002 0.3961978711018711 0.1017850078125 0.29801170062370064