2 0.10979687499999997 0.8695634095634095 0.197078125 0.124989604989605
2 0.11776562500000001 0.7314760914760914 0.166140625 0.1315592515592515
2 0.12587500000000001 0.626049896049896 0.20739062500000002 0.1327442827442828
2 0.11587499999999999 0.5016839916839917 0.224890625 0.13515592515592514
2 0.89234375 0.5372349272349273 0.21531249999999993 0.11731808731808721
2 0.90171875 0.6578586278586279 0.19656249999999992 0.10906444906444913
2 0.911875 0.7684823284823284 0.17624999999999993 0.09748440748440745
2 0.90425 0.8893139293139293 0.18289062499999992 0.11877338877338876
2 0.6835 0.9059459459459459 0.14448437500000005 0.0855093555093555
2 0.693796875 0.8225571725571725 0.18385937499999994 0.10584199584199577
2 0.7069218749999999 0.7528898128898128 0.19760937500000003 0.07875259875259874
2 0.692703125 0.6678378378378379 0.19104687499999998 0.09575883575883565
2 0.2915 0.8776715176715177 0.20110937500000006 0.11209979209979201
2 0.29634375 0.7859667359667359 0.20142187500000003 0.08251559251559239
2 0.2924375 0.7098544698544699 0.19673437500000004 0.10492723492723498
2 0.370624971875 0.6864864885654886 0.4120456953125 0.61586858004158 0.23457510468749998 0.5076974033264033 0.2070797078125 0.5925702744282744 0.370624971875 0.6864864885654886
2 0.465786715625 0.5825851413721413 0.3308091828125 0.39120536798336797 0.265937471875 0.44740124948024945 0.25332199218749996 0.4444588191268191 0.40579673281249995 0.6308460893970893 0.465786715625 0.5825851413721413
2 0.4495394703125 0.3446085031185031 0.384687471875 0.3725571746361746 0.43954109218750004 0.590906 0.5095294515625 0.5626150644490644 0.4495394703125 0.3446085031185031
2 0.48468747187499994 0.3226611247401247 0.490782565625 0.5775925738045737 0.5407742640625 0.5692717130977132 0.54952286875 0.291355051975052 0.48468747187499994 0.3226611247401247
2 0.5720190765625001 0.35625771933471934 0.527026565625 0.5775925738045737 0.6032638890625 0.5842494137214138 0.6620040984375 0.3728994386694387 0.5720190765625001 0.35625771933471934
2 0.7657369125 0.4993765426195426 0.7394913843750001 0.45610803534303535 0.5532721890625 0.5676076943866943 0.610762625 0.664129528066528 0.7657369125 0.4993765426195426
2 0.1083460828125 0.21480310395010396 0.051874971874999995 0.2914760935550935 0.20832948125 0.4794064677754678 0.2908157671875 0.37622779417879415 0.1083460828125 0.21480310395010396
2 0.22082740625000002 0.1016394261954262 0.161249971875 0.16257796465696467 0.3008141453125 0.36624278794178794 0.3458066546875 0.31798177754677753 0.22082740625000002 0.1016394261954262
2 0.278437471875 0.0794178814968815 0.3670530890625 0.32131013305613304 0.409546053125 0.28802669438669437 0.37955101406249997 0.058371012474012475 0.278437471875 0.0794178814968815
2 0.47703486718750004 0.03840090436590437 0.384687471875 0.039916841995841994 0.4207942046875 0.29301919750519756 0.490782565625 0.26805661954261956 0.47703486718750004 0.03840090436590437
2 0.5132788671874999 0.028415866943866944 0.5070299046875 0.028415866943866944 0.49453198125000003 0.26639247193347193 0.5595211515625 0.26139990644490646 0.5945153796875 0.07834102494802495 0.5132788671874999 0.028415866943866944
2 0.6157618140625 0.013438324324324324 0.5820174546875 0.1948330602910603 0.560770925 0.2697207650727651 0.635758475 0.29468334511434513 0.706996703125 0.006781611226611226 0.6157618140625 0.013438324324324324
2 0.7096874718749999 0.11060291268191268 0.6457569484375 0.29468334511434513 0.7219941750000001 0.34128020997920994 0.806980103125 0.18151966528066527 0.7096874718749999 0.11060291268191268
2 0.720624971875 0.3434511455301455 0.788233215625 0.4011903742203742 0.8919660296874999 0.2547432557172557 0.8232274437499999 0.18484802286902288 0.720624971875 0.3434511455301455
2 0.7532389875 0.3961978711018711 0.8007311406250001 0.4860631808731809 0.9557053328125 0.40618287733887737 0.8982149921874999 0.29801170062370064 0.7532389875 0.3961978711018711